--------------------
Cycle:1	68	ADD	R1, R0, R0

Registers
R00:	0	0	0	0	0	0	0	0	0	0	0	0	0	0	0	0
R16:	0	0	0	0	0	0	0	0	0	0	0	0	0	0	0	0

Data
8464:	-1	-2	-3	1	2	4	-4	10
11664:	7	9	1	0	-1	1	-1	0
14864:	0	0	0	0	0	0	0	0

--------------------
Cycle:2	72	ADD	R2, R0, #5

Registers
R00:	0	0	5	0	0	0	0	0	0	0	0	0	0	0	0	0
R16:	0	0	0	0	0	0	0	0	0	0	0	0	0	0	0	0

Data
8464:	-1	-2	-3	1	2	4	-4	10
11664:	7	9	1	0	-1	1	-1	0
14864:	0	0	0	0	0	0	0	0

--------------------
Cycle:3	76	BEQ	R1, R2, #68

Registers
R00:	0	0	5	0	0	0	0	0	0	0	0	0	0	0	0	0
R16:	0	0	0	0	0	0	0	0	0	0	0	0	0	0	0	0

Data
8464:	-1	-2	-3	1	2	4	-4	10
11664:	7	9	1	0	-1	1	-1	0
14864:	0	0	0	0	0	0	0	0

--------------------
Cycle:4	80	SLL	R16, R1, #2

Registers
R00:	0	0	5	0	0	0	0	0	0	0	0	0	0	0	0	0
R16:	0	0	0	0	0	0	0	0	0	0	0	0	0	0	0	0

Data
8464:	-1	-2	-3	1	2	4	-4	10
11664:	7	9	1	0	-1	1	-1	0
14864:	0	0	0	0	0	0	0	0

--------------------
Cycle:5	84	LW	R3, 148(R16)

Registers
R00:	0	0	5	-1	0	0	0	0	0	0	0	0	0	0	0	0
R16:	0	0	0	0	0	0	0	0	0	0	0	0	0	0	0	0

Data
8464:	-1	-2	-3	1	2	4	-4	10
11664:	7	9	1	0	-1	1	-1	0
14864:	0	0	0	0	0	0	0	0

--------------------
Cycle:6	88	LW	R4, 168(R16)

Registers
R00:	0	0	5	-1	4	0	0	0	0	0	0	0	0	0	0	0
R16:	0	0	0	0	0	0	0	0	0	0	0	0	0	0	0	0

Data
8464:	-1	-2	-3	1	2	4	-4	10
11664:	7	9	1	0	-1	1	-1	0
14864:	0	0	0	0	0	0	0	0

--------------------
Cycle:7	92	LW	R5, 188(R16)

Registers
R00:	0	0	5	-1	4	1	0	0	0	0	0	0	0	0	0	0
R16:	0	0	0	0	0	0	0	0	0	0	0	0	0	0	0	0

Data
8464:	-1	-2	-3	1	2	4	-4	10
11664:	7	9	1	0	-1	1	-1	0
14864:	0	0	0	0	0	0	0	0

--------------------
Cycle:8	96	MUL	R5, R3, R4

Registers
R00:	0	0	5	-1	4	-4	0	0	0	0	0	0	0	0	0	0
R16:	0	0	0	0	0	0	0	0	0	0	0	0	0	0	0	0

Data
8464:	-1	-2	-3	1	2	4	-4	10
11664:	7	9	1	0	-1	1	-1	0
14864:	0	0	0	0	0	0	0	0

--------------------
Cycle:9	100	BEQ	R5, R0, #28

Registers
R00:	0	0	5	-1	4	-4	0	0	0	0	0	0	0	0	0	0
R16:	0	0	0	0	0	0	0	0	0	0	0	0	0	0	0	0

Data
8464:	-1	-2	-3	1	2	4	-4	10
11664:	7	9	1	0	-1	1	-1	0
14864:	0	0	0	0	0	0	0	0

--------------------
Cycle:10	104	BGTZ	R5, #16

Registers
R00:	0	0	5	-1	4	-4	0	0	0	0	0	0	0	0	0	0
R16:	0	0	0	0	0	0	0	0	0	0	0	0	0	0	0	0

Data
8464:	-1	-2	-3	1	2	4	-4	10
11664:	7	9	1	0	-1	1	-1	0
14864:	0	0	0	0	0	0	0	0

--------------------
Cycle:11	108	ADD	R6, R3, R4

Registers
R00:	0	0	5	-1	4	-4	3	0	0	0	0	0	0	0	0	0
R16:	0	0	0	0	0	0	0	0	0	0	0	0	0	0	0	0

Data
8464:	-1	-2	-3	1	2	4	-4	10
11664:	7	9	1	0	-1	1	-1	0
14864:	0	0	0	0	0	0	0	0

--------------------
Cycle:12	112	SUB	R5, R6, R5

Registers
R00:	0	0	5	-1	4	7	3	0	0	0	0	0	0	0	0	0
R16:	0	0	0	0	0	0	0	0	0	0	0	0	0	0	0	0

Data
8464:	-1	-2	-3	1	2	4	-4	10
11664:	7	9	1	0	-1	1	-1	0
14864:	0	0	0	0	0	0	0	0

--------------------
Cycle:13	132	J	#132

Registers
R00:	0	0	5	-1	4	7	3	0	0	0	0	0	0	0	0	0
R16:	0	0	0	0	0	0	0	0	0	0	0	0	0	0	0	0

Data
8464:	-1	-2	-3	1	2	4	-4	10
11664:	7	9	1	0	-1	1	-1	0
14864:	0	0	0	0	0	0	0	0

--------------------
Cycle:14	136	SW	R5, 188(R16)

Registers
R00:	0	0	5	-1	4	7	3	0	0	0	0	0	0	0	0	0
R16:	0	0	0	0	0	0	0	0	0	0	0	0	0	0	0	0

Data
8464:	-1	-2	-3	1	2	4	-4	10
11664:	7	9	7	0	-1	1	-1	0
14864:	0	0	0	0	0	0	0	0

--------------------
Cycle:15	140	ADD	R1, R1, #1

Registers
R00:	0	1	5	-1	4	7	3	0	0	0	0	0	0	0	0	0
R16:	0	0	0	0	0	0	0	0	0	0	0	0	0	0	0	0

Data
8464:	-1	-2	-3	1	2	4	-4	10
11664:	7	9	7	0	-1	1	-1	0
14864:	0	0	0	0	0	0	0	0

--------------------
Cycle:16	72	J	#72

Registers
R00:	0	1	5	-1	4	7	3	0	0	0	0	0	0	0	0	0
R16:	0	0	0	0	0	0	0	0	0	0	0	0	0	0	0	0

Data
8464:	-1	-2	-3	1	2	4	-4	10
11664:	7	9	7	0	-1	1	-1	0
14864:	0	0	0	0	0	0	0	0

--------------------
Cycle:17	76	BEQ	R1, R2, #68

Registers
R00:	0	1	5	-1	4	7	3	0	0	0	0	0	0	0	0	0
R16:	0	0	0	0	0	0	0	0	0	0	0	0	0	0	0	0

Data
8464:	-1	-2	-3	1	2	4	-4	10
11664:	7	9	7	0	-1	1	-1	0
14864:	0	0	0	0	0	0	0	0

--------------------
Cycle:18	80	SLL	R16, R1, #2

Registers
R00:	0	1	5	-1	4	7	3	0	0	0	0	0	0	0	0	0
R16:	4	0	0	0	0	0	0	0	0	0	0	0	0	0	0	0

Data
8464:	-1	-2	-3	1	2	4	-4	10
11664:	7	9	7	0	-1	1	-1	0
14864:	0	0	0	0	0	0	0	0

--------------------
Cycle:19	84	LW	R3, 148(R16)

Registers
R00:	0	1	5	-2	4	7	3	0	0	0	0	0	0	0	0	0
R16:	4	0	0	0	0	0	0	0	0	0	0	0	0	0	0	0

Data
8464:	-1	-2	-3	1	2	4	-4	10
11664:	7	9	7	0	-1	1	-1	0
14864:	0	0	0	0	0	0	0	0

--------------------
Cycle:20	88	LW	R4, 168(R16)

Registers
R00:	0	1	5	-2	-4	7	3	0	0	0	0	0	0	0	0	0
R16:	4	0	0	0	0	0	0	0	0	0	0	0	0	0	0	0

Data
8464:	-1	-2	-3	1	2	4	-4	10
11664:	7	9	7	0	-1	1	-1	0
14864:	0	0	0	0	0	0	0	0

--------------------
Cycle:21	92	LW	R5, 188(R16)

Registers
R00:	0	1	5	-2	-4	0	3	0	0	0	0	0	0	0	0	0
R16:	4	0	0	0	0	0	0	0	0	0	0	0	0	0	0	0

Data
8464:	-1	-2	-3	1	2	4	-4	10
11664:	7	9	7	0	-1	1	-1	0
14864:	0	0	0	0	0	0	0	0

--------------------
Cycle:22	96	MUL	R5, R3, R4

Registers
R00:	0	1	5	-2	-4	8	3	0	0	0	0	0	0	0	0	0
R16:	4	0	0	0	0	0	0	0	0	0	0	0	0	0	0	0

Data
8464:	-1	-2	-3	1	2	4	-4	10
11664:	7	9	7	0	-1	1	-1	0
14864:	0	0	0	0	0	0	0	0

--------------------
Cycle:23	100	BEQ	R5, R0, #28

Registers
R00:	0	1	5	-2	-4	8	3	0	0	0	0	0	0	0	0	0
R16:	4	0	0	0	0	0	0	0	0	0	0	0	0	0	0	0

Data
8464:	-1	-2	-3	1	2	4	-4	10
11664:	7	9	7	0	-1	1	-1	0
14864:	0	0	0	0	0	0	0	0

--------------------
Cycle:24	120	BGTZ	R5, #16

Registers
R00:	0	1	5	-2	-4	8	3	0	0	0	0	0	0	0	0	0
R16:	4	0	0	0	0	0	0	0	0	0	0	0	0	0	0	0

Data
8464:	-1	-2	-3	1	2	4	-4	10
11664:	7	9	7	0	-1	1	-1	0
14864:	0	0	0	0	0	0	0	0

--------------------
Cycle:25	124	SLL	R5, R5, #2

Registers
R00:	0	1	5	-2	-4	32	3	0	0	0	0	0	0	0	0	0
R16:	4	0	0	0	0	0	0	0	0	0	0	0	0	0	0	0

Data
8464:	-1	-2	-3	1	2	4	-4	10
11664:	7	9	7	0	-1	1	-1	0
14864:	0	0	0	0	0	0	0	0

--------------------
Cycle:26	132	J	#132

Registers
R00:	0	1	5	-2	-4	32	3	0	0	0	0	0	0	0	0	0
R16:	4	0	0	0	0	0	0	0	0	0	0	0	0	0	0	0

Data
8464:	-1	-2	-3	1	2	4	-4	10
11664:	7	9	7	0	-1	1	-1	0
14864:	0	0	0	0	0	0	0	0

--------------------
Cycle:27	136	SW	R5, 188(R16)

Registers
R00:	0	1	5	-2	-4	32	3	0	0	0	0	0	0	0	0	0
R16:	4	0	0	0	0	0	0	0	0	0	0	0	0	0	0	0

Data
8464:	-1	-2	-3	1	2	4	-4	10
11664:	7	9	7	32	-1	1	-1	0
14864:	0	0	0	0	0	0	0	0

--------------------
Cycle:28	140	ADD	R1, R1, #1

Registers
R00:	0	2	5	-2	-4	32	3	0	0	0	0	0	0	0	0	0
R16:	4	0	0	0	0	0	0	0	0	0	0	0	0	0	0	0

Data
8464:	-1	-2	-3	1	2	4	-4	10
11664:	7	9	7	32	-1	1	-1	0
14864:	0	0	0	0	0	0	0	0

--------------------
Cycle:29	72	J	#72

Registers
R00:	0	2	5	-2	-4	32	3	0	0	0	0	0	0	0	0	0
R16:	4	0	0	0	0	0	0	0	0	0	0	0	0	0	0	0

Data
8464:	-1	-2	-3	1	2	4	-4	10
11664:	7	9	7	32	-1	1	-1	0
14864:	0	0	0	0	0	0	0	0

--------------------
Cycle:30	76	BEQ	R1, R2, #68

Registers
R00:	0	2	5	-2	-4	32	3	0	0	0	0	0	0	0	0	0
R16:	4	0	0	0	0	0	0	0	0	0	0	0	0	0	0	0

Data
8464:	-1	-2	-3	1	2	4	-4	10
11664:	7	9	7	32	-1	1	-1	0
14864:	0	0	0	0	0	0	0	0

--------------------
Cycle:31	80	SLL	R16, R1, #2

Registers
R00:	0	2	5	-2	-4	32	3	0	0	0	0	0	0	0	0	0
R16:	8	0	0	0	0	0	0	0	0	0	0	0	0	0	0	0

Data
8464:	-1	-2	-3	1	2	4	-4	10
11664:	7	9	7	32	-1	1	-1	0
14864:	0	0	0	0	0	0	0	0

--------------------
Cycle:32	84	LW	R3, 148(R16)

Registers
R00:	0	2	5	-3	-4	32	3	0	0	0	0	0	0	0	0	0
R16:	8	0	0	0	0	0	0	0	0	0	0	0	0	0	0	0

Data
8464:	-1	-2	-3	1	2	4	-4	10
11664:	7	9	7	32	-1	1	-1	0
14864:	0	0	0	0	0	0	0	0

--------------------
Cycle:33	88	LW	R4, 168(R16)

Registers
R00:	0	2	5	-3	10	32	3	0	0	0	0	0	0	0	0	0
R16:	8	0	0	0	0	0	0	0	0	0	0	0	0	0	0	0

Data
8464:	-1	-2	-3	1	2	4	-4	10
11664:	7	9	7	32	-1	1	-1	0
14864:	0	0	0	0	0	0	0	0

--------------------
Cycle:34	92	LW	R5, 188(R16)

Registers
R00:	0	2	5	-3	10	-1	3	0	0	0	0	0	0	0	0	0
R16:	8	0	0	0	0	0	0	0	0	0	0	0	0	0	0	0

Data
8464:	-1	-2	-3	1	2	4	-4	10
11664:	7	9	7	32	-1	1	-1	0
14864:	0	0	0	0	0	0	0	0

--------------------
Cycle:35	96	MUL	R5, R3, R4

Registers
R00:	0	2	5	-3	10	-30	3	0	0	0	0	0	0	0	0	0
R16:	8	0	0	0	0	0	0	0	0	0	0	0	0	0	0	0

Data
8464:	-1	-2	-3	1	2	4	-4	10
11664:	7	9	7	32	-1	1	-1	0
14864:	0	0	0	0	0	0	0	0

--------------------
Cycle:36	100	BEQ	R5, R0, #28

Registers
R00:	0	2	5	-3	10	-30	3	0	0	0	0	0	0	0	0	0
R16:	8	0	0	0	0	0	0	0	0	0	0	0	0	0	0	0

Data
8464:	-1	-2	-3	1	2	4	-4	10
11664:	7	9	7	32	-1	1	-1	0
14864:	0	0	0	0	0	0	0	0

--------------------
Cycle:37	104	BGTZ	R5, #16

Registers
R00:	0	2	5	-3	10	-30	3	0	0	0	0	0	0	0	0	0
R16:	8	0	0	0	0	0	0	0	0	0	0	0	0	0	0	0

Data
8464:	-1	-2	-3	1	2	4	-4	10
11664:	7	9	7	32	-1	1	-1	0
14864:	0	0	0	0	0	0	0	0

--------------------
Cycle:38	108	ADD	R6, R3, R4

Registers
R00:	0	2	5	-3	10	-30	7	0	0	0	0	0	0	0	0	0
R16:	8	0	0	0	0	0	0	0	0	0	0	0	0	0	0	0

Data
8464:	-1	-2	-3	1	2	4	-4	10
11664:	7	9	7	32	-1	1	-1	0
14864:	0	0	0	0	0	0	0	0

--------------------
Cycle:39	112	SUB	R5, R6, R5

Registers
R00:	0	2	5	-3	10	37	7	0	0	0	0	0	0	0	0	0
R16:	8	0	0	0	0	0	0	0	0	0	0	0	0	0	0	0

Data
8464:	-1	-2	-3	1	2	4	-4	10
11664:	7	9	7	32	-1	1	-1	0
14864:	0	0	0	0	0	0	0	0

--------------------
Cycle:40	132	J	#132

Registers
R00:	0	2	5	-3	10	37	7	0	0	0	0	0	0	0	0	0
R16:	8	0	0	0	0	0	0	0	0	0	0	0	0	0	0	0

Data
8464:	-1	-2	-3	1	2	4	-4	10
11664:	7	9	7	32	-1	1	-1	0
14864:	0	0	0	0	0	0	0	0

--------------------
Cycle:41	136	SW	R5, 188(R16)

Registers
R00:	0	2	5	-3	10	37	7	0	0	0	0	0	0	0	0	0
R16:	8	0	0	0	0	0	0	0	0	0	0	0	0	0	0	0

Data
8464:	-1	-2	-3	1	2	4	-4	10
11664:	7	9	7	32	37	1	-1	0
14864:	0	0	0	0	0	0	0	0

--------------------
Cycle:42	140	ADD	R1, R1, #1

Registers
R00:	0	3	5	-3	10	37	7	0	0	0	0	0	0	0	0	0
R16:	8	0	0	0	0	0	0	0	0	0	0	0	0	0	0	0

Data
8464:	-1	-2	-3	1	2	4	-4	10
11664:	7	9	7	32	37	1	-1	0
14864:	0	0	0	0	0	0	0	0

--------------------
Cycle:43	72	J	#72

Registers
R00:	0	3	5	-3	10	37	7	0	0	0	0	0	0	0	0	0
R16:	8	0	0	0	0	0	0	0	0	0	0	0	0	0	0	0

Data
8464:	-1	-2	-3	1	2	4	-4	10
11664:	7	9	7	32	37	1	-1	0
14864:	0	0	0	0	0	0	0	0

--------------------
Cycle:44	76	BEQ	R1, R2, #68

Registers
R00:	0	3	5	-3	10	37	7	0	0	0	0	0	0	0	0	0
R16:	8	0	0	0	0	0	0	0	0	0	0	0	0	0	0	0

Data
8464:	-1	-2	-3	1	2	4	-4	10
11664:	7	9	7	32	37	1	-1	0
14864:	0	0	0	0	0	0	0	0

--------------------
Cycle:45	80	SLL	R16, R1, #2

Registers
R00:	0	3	5	-3	10	37	7	0	0	0	0	0	0	0	0	0
R16:	12	0	0	0	0	0	0	0	0	0	0	0	0	0	0	0

Data
8464:	-1	-2	-3	1	2	4	-4	10
11664:	7	9	7	32	37	1	-1	0
14864:	0	0	0	0	0	0	0	0

--------------------
Cycle:46	84	LW	R3, 148(R16)

Registers
R00:	0	3	5	1	10	37	7	0	0	0	0	0	0	0	0	0
R16:	12	0	0	0	0	0	0	0	0	0	0	0	0	0	0	0

Data
8464:	-1	-2	-3	1	2	4	-4	10
11664:	7	9	7	32	37	1	-1	0
14864:	0	0	0	0	0	0	0	0

--------------------
Cycle:47	88	LW	R4, 168(R16)

Registers
R00:	0	3	5	1	7	37	7	0	0	0	0	0	0	0	0	0
R16:	12	0	0	0	0	0	0	0	0	0	0	0	0	0	0	0

Data
8464:	-1	-2	-3	1	2	4	-4	10
11664:	7	9	7	32	37	1	-1	0
14864:	0	0	0	0	0	0	0	0

--------------------
Cycle:48	92	LW	R5, 188(R16)

Registers
R00:	0	3	5	1	7	1	7	0	0	0	0	0	0	0	0	0
R16:	12	0	0	0	0	0	0	0	0	0	0	0	0	0	0	0

Data
8464:	-1	-2	-3	1	2	4	-4	10
11664:	7	9	7	32	37	1	-1	0
14864:	0	0	0	0	0	0	0	0

--------------------
Cycle:49	96	MUL	R5, R3, R4

Registers
R00:	0	3	5	1	7	7	7	0	0	0	0	0	0	0	0	0
R16:	12	0	0	0	0	0	0	0	0	0	0	0	0	0	0	0

Data
8464:	-1	-2	-3	1	2	4	-4	10
11664:	7	9	7	32	37	1	-1	0
14864:	0	0	0	0	0	0	0	0

--------------------
Cycle:50	100	BEQ	R5, R0, #28

Registers
R00:	0	3	5	1	7	7	7	0	0	0	0	0	0	0	0	0
R16:	12	0	0	0	0	0	0	0	0	0	0	0	0	0	0	0

Data
8464:	-1	-2	-3	1	2	4	-4	10
11664:	7	9	7	32	37	1	-1	0
14864:	0	0	0	0	0	0	0	0

--------------------
Cycle:51	120	BGTZ	R5, #16

Registers
R00:	0	3	5	1	7	7	7	0	0	0	0	0	0	0	0	0
R16:	12	0	0	0	0	0	0	0	0	0	0	0	0	0	0	0

Data
8464:	-1	-2	-3	1	2	4	-4	10
11664:	7	9	7	32	37	1	-1	0
14864:	0	0	0	0	0	0	0	0

--------------------
Cycle:52	124	SLL	R5, R5, #2

Registers
R00:	0	3	5	1	7	28	7	0	0	0	0	0	0	0	0	0
R16:	12	0	0	0	0	0	0	0	0	0	0	0	0	0	0	0

Data
8464:	-1	-2	-3	1	2	4	-4	10
11664:	7	9	7	32	37	1	-1	0
14864:	0	0	0	0	0	0	0	0

--------------------
Cycle:53	132	J	#132

Registers
R00:	0	3	5	1	7	28	7	0	0	0	0	0	0	0	0	0
R16:	12	0	0	0	0	0	0	0	0	0	0	0	0	0	0	0

Data
8464:	-1	-2	-3	1	2	4	-4	10
11664:	7	9	7	32	37	1	-1	0
14864:	0	0	0	0	0	0	0	0

--------------------
Cycle:54	136	SW	R5, 188(R16)

Registers
R00:	0	3	5	1	7	28	7	0	0	0	0	0	0	0	0	0
R16:	12	0	0	0	0	0	0	0	0	0	0	0	0	0	0	0

Data
8464:	-1	-2	-3	1	2	4	-4	10
11664:	7	9	7	32	37	28	-1	0
14864:	0	0	0	0	0	0	0	0

--------------------
Cycle:55	140	ADD	R1, R1, #1

Registers
R00:	0	4	5	1	7	28	7	0	0	0	0	0	0	0	0	0
R16:	12	0	0	0	0	0	0	0	0	0	0	0	0	0	0	0

Data
8464:	-1	-2	-3	1	2	4	-4	10
11664:	7	9	7	32	37	28	-1	0
14864:	0	0	0	0	0	0	0	0

--------------------
Cycle:56	72	J	#72

Registers
R00:	0	4	5	1	7	28	7	0	0	0	0	0	0	0	0	0
R16:	12	0	0	0	0	0	0	0	0	0	0	0	0	0	0	0

Data
8464:	-1	-2	-3	1	2	4	-4	10
11664:	7	9	7	32	37	28	-1	0
14864:	0	0	0	0	0	0	0	0

--------------------
Cycle:57	76	BEQ	R1, R2, #68

Registers
R00:	0	4	5	1	7	28	7	0	0	0	0	0	0	0	0	0
R16:	12	0	0	0	0	0	0	0	0	0	0	0	0	0	0	0

Data
8464:	-1	-2	-3	1	2	4	-4	10
11664:	7	9	7	32	37	28	-1	0
14864:	0	0	0	0	0	0	0	0

--------------------
Cycle:58	80	SLL	R16, R1, #2

Registers
R00:	0	4	5	1	7	28	7	0	0	0	0	0	0	0	0	0
R16:	16	0	0	0	0	0	0	0	0	0	0	0	0	0	0	0

Data
8464:	-1	-2	-3	1	2	4	-4	10
11664:	7	9	7	32	37	28	-1	0
14864:	0	0	0	0	0	0	0	0

--------------------
Cycle:59	84	LW	R3, 148(R16)

Registers
R00:	0	4	5	2	7	28	7	0	0	0	0	0	0	0	0	0
R16:	16	0	0	0	0	0	0	0	0	0	0	0	0	0	0	0

Data
8464:	-1	-2	-3	1	2	4	-4	10
11664:	7	9	7	32	37	28	-1	0
14864:	0	0	0	0	0	0	0	0

--------------------
Cycle:60	88	LW	R4, 168(R16)

Registers
R00:	0	4	5	2	9	28	7	0	0	0	0	0	0	0	0	0
R16:	16	0	0	0	0	0	0	0	0	0	0	0	0	0	0	0

Data
8464:	-1	-2	-3	1	2	4	-4	10
11664:	7	9	7	32	37	28	-1	0
14864:	0	0	0	0	0	0	0	0

--------------------
Cycle:61	92	LW	R5, 188(R16)

Registers
R00:	0	4	5	2	9	-1	7	0	0	0	0	0	0	0	0	0
R16:	16	0	0	0	0	0	0	0	0	0	0	0	0	0	0	0

Data
8464:	-1	-2	-3	1	2	4	-4	10
11664:	7	9	7	32	37	28	-1	0
14864:	0	0	0	0	0	0	0	0

--------------------
Cycle:62	96	MUL	R5, R3, R4

Registers
R00:	0	4	5	2	9	18	7	0	0	0	0	0	0	0	0	0
R16:	16	0	0	0	0	0	0	0	0	0	0	0	0	0	0	0

Data
8464:	-1	-2	-3	1	2	4	-4	10
11664:	7	9	7	32	37	28	-1	0
14864:	0	0	0	0	0	0	0	0

--------------------
Cycle:63	100	BEQ	R5, R0, #28

Registers
R00:	0	4	5	2	9	18	7	0	0	0	0	0	0	0	0	0
R16:	16	0	0	0	0	0	0	0	0	0	0	0	0	0	0	0

Data
8464:	-1	-2	-3	1	2	4	-4	10
11664:	7	9	7	32	37	28	-1	0
14864:	0	0	0	0	0	0	0	0

--------------------
Cycle:64	120	BGTZ	R5, #16

Registers
R00:	0	4	5	2	9	18	7	0	0	0	0	0	0	0	0	0
R16:	16	0	0	0	0	0	0	0	0	0	0	0	0	0	0	0

Data
8464:	-1	-2	-3	1	2	4	-4	10
11664:	7	9	7	32	37	28	-1	0
14864:	0	0	0	0	0	0	0	0

--------------------
Cycle:65	124	SLL	R5, R5, #2

Registers
R00:	0	4	5	2	9	72	7	0	0	0	0	0	0	0	0	0
R16:	16	0	0	0	0	0	0	0	0	0	0	0	0	0	0	0

Data
8464:	-1	-2	-3	1	2	4	-4	10
11664:	7	9	7	32	37	28	-1	0
14864:	0	0	0	0	0	0	0	0

--------------------
Cycle:66	132	J	#132

Registers
R00:	0	4	5	2	9	72	7	0	0	0	0	0	0	0	0	0
R16:	16	0	0	0	0	0	0	0	0	0	0	0	0	0	0	0

Data
8464:	-1	-2	-3	1	2	4	-4	10
11664:	7	9	7	32	37	28	-1	0
14864:	0	0	0	0	0	0	0	0

--------------------
Cycle:67	136	SW	R5, 188(R16)

Registers
R00:	0	4	5	2	9	72	7	0	0	0	0	0	0	0	0	0
R16:	16	0	0	0	0	0	0	0	0	0	0	0	0	0	0	0

Data
8464:	-1	-2	-3	1	2	4	-4	10
11664:	7	9	7	32	37	28	72	0
14864:	0	0	0	0	0	0	0	0

--------------------
Cycle:68	140	ADD	R1, R1, #1

Registers
R00:	0	5	5	2	9	72	7	0	0	0	0	0	0	0	0	0
R16:	16	0	0	0	0	0	0	0	0	0	0	0	0	0	0	0

Data
8464:	-1	-2	-3	1	2	4	-4	10
11664:	7	9	7	32	37	28	72	0
14864:	0	0	0	0	0	0	0	0

--------------------
Cycle:69	72	J	#72

Registers
R00:	0	5	5	2	9	72	7	0	0	0	0	0	0	0	0	0
R16:	16	0	0	0	0	0	0	0	0	0	0	0	0	0	0	0

Data
8464:	-1	-2	-3	1	2	4	-4	10
11664:	7	9	7	32	37	28	72	0
14864:	0	0	0	0	0	0	0	0

--------------------
Cycle:70	144	BEQ	R1, R2, #68

Registers
R00:	0	5	5	2	9	72	7	0	0	0	0	0	0	0	0	0
R16:	16	0	0	0	0	0	0	0	0	0	0	0	0	0	0	0

Data
8464:	-1	-2	-3	1	2	4	-4	10
11664:	7	9	7	32	37	28	72	0
14864:	0	0	0	0	0	0	0	0

--------------------
Cycle:71	148	BREAK

Registers
R00:	0	5	5	2	9	72	7	0	0	0	0	0	0	0	0	0
R16:	16	0	0	0	0	0	0	0	0	0	0	0	0	0	0	0

Data
8464:	-1	-2	-3	1	2	4	-4	10
11664:	7	9	7	32	37	28	72	0
14864:	0	0	0	0	0	0	0	0

